100
100
2
0
30
.000001 .000004
.000001 .000004
.000001 .000004
.000001 .000004
.000001 .000004
.000001 .000004
.000001 .000004
.000001 .000004
.000001 .000004
.000001 .000004
.000001 .000004
.000001 .000004
.000001 .000004
.000001 .000004
.000001 .000004
.000001 .000004
.000001 .000004
.000001 .000004
.000001 .000004
.000001 .000004
.000001 .000004
.000001 .000004
.000001 .000004
.000001 .000004
.000001 .000004
.000001 .000004
.000001 .000004
.000001 .000004
.000001 .000004
.000001 .000004
0.9
0.2
10
10
0
1
1
2
